# Run:  mapbbr_026_     Thu Nov 09 08:04:04 2017                                  
# slot 5 #1  anneal MAPbBr3   annealed T=145 K;  Pb  edge sample at 60 deg.  trans
# Gains 2e7 5e7 2e7  slits 0.4X6  detune 40% (to 60% max) at edge                 
# 4-1 phi=0                                                                       
#                                                                                 
#                                                                                 
# TABLEVERT: 20.551984	TABLEHORZ: 12.526984	DETHOR: 225.000000	VERTGAP1: 0.400000	
# Region: Pb-L10.rgn      Detector: trans.det                                     
# SSRL BEAMLINE                                                                   
#                                                                                 
#  De-glitched:   2 glitch(es) removed.                                           
#       Point        Num        Order(2n-1)                                       
#    13242.5977       1            2                                              
#    13253.7969       1            2                                              
# TRANSMISSION; P= -1.00 REMOVED FROM     0. TO 12970. EV, ORDER=  4              
# Used mucal formula with Pb LIII                                                 
# Normalized by edge height:  0.4707                                              
# SPL:E0=13040.14; 5 FIX KNOTS FROM 13072.73-13444.22(K=10.3);P=0.75              
#   SPL KNOTS(28 max):  13.64  32.63  51.63  70.62  89.61                         
#  *** Average of   3 Files; MULT. Factor=  1.0000  1.0000  1.0000                
#  Files: bud_mapbr/ks/026b1g       bud_mapbr/ks/026b2g       bud_mapbr/ks/026b3g 
#                                                                                 
# k-SPACE-WINDOW ENDPTS=  4.00,  9.70;SIG= 0.200;SHIFT=  0.00eV;POWER OF k=  1    
# r-SPACE ENDPTS=  1.20,  4.00;SIG= 0.100;R-SHIFT= 0.000; WINDOW REMOVED=YES      
# ----------------------------------------------------
  3.98835015  0.00564395776 -0.00667500775
  4.01902962  0.00915801805 -0.0133124478
  4.04970932  0.0128267119 -0.0154078491
  4.08038902  0.0159279797 -0.014821846
  4.11106873  0.0182300881 -0.0127336914
  4.14174843  0.0197284445 -0.00987486821
  4.17242765  0.020510463 -0.00668754801
  4.20310736  0.0206886381 -0.00343023846
  4.23378706  0.0203696135 -0.000247010845
  4.26446676  0.0196420606  0.00278725638
  4.29514647  0.0185732953  0.00563779566
  4.32582617  0.0172104053  0.00829104055
  4.35650539  0.0155833047  0.0107425218
  4.3871851  0.0137082562  0.0129889166
  4.4178648  0.011591821  0.0150229624
  4.4485445  0.00923471432  0.0168303307
  4.47922421  0.00663561001  0.0183874518
  4.50990343  0.00379518559  0.0196608882
  4.54058313  0.000720032898  0.0206075665
  4.57126284 -0.00257345196  0.0211760327
  4.60194254 -0.00605556322  0.0213090591
  4.63262224 -0.0096803857  0.0209471919
  4.66330194 -0.0133839156  0.020033339
  4.69398117 -0.0170834772  0.0185181163
  4.72466087 -0.0206788238  0.0163654555
  4.75534058 -0.0240548216  0.0135579733
  4.78602028 -0.027085809  0.0101015856
  4.81669998 -0.0296411123  0.00602888362
  4.84737921 -0.031591516  0.00140091777
  4.87805891 -0.0328159593 -0.00369269238
  4.90873861 -0.0332080834 -0.00913530681
  4.93941832 -0.0326823592 -0.0147864884
  4.97009802 -0.0311576352 -0.0204720907
  5.00077772 -0.0286568496 -0.0260495897
  5.03145695 -0.0251473896 -0.0313183516
  5.06213665 -0.0206682608 -0.0360936858
  5.09281635 -0.0152927227 -0.0401961505
  5.12349606 -0.00912750885 -0.04345797
  5.15417576 -0.00231078337 -0.0457293391
  5.18485498  0.00499102985 -0.046884317
  5.21553469  0.0125876423 -0.0468261614
  5.24621439  0.0202701818 -0.0454917774
  5.27689409  0.0278173778 -0.0428552181
  5.3075738  0.0350023136 -0.0389299691
  5.3382535  0.0415996797 -0.0337700099
  5.36893272  0.0473931432 -0.0274694879
  5.39961243  0.0521825179 -0.0201610792
  5.43029213  0.0557909608 -0.0120128868
  5.46097183  0.0580709875 -0.00322430208
  5.49165154  0.0589102395  0.00597948115
  5.52233124  0.0582358241  0.015353851
  5.55301046  0.056017708  0.0246418733
  5.58369017  0.0522706471  0.0335820653
  5.61436987  0.0470547229  0.0419163257
  5.64504957  0.0404744446  0.0493979678
  5.67572927  0.0326764435  0.0557994433
  5.7064085  0.0238457359  0.060919676
  5.7370882  0.0142007759  0.0645905212
  5.76776791  0.0039873654  0.0666823536
  5.79844761 -0.00652829092  0.0671084374
  5.82912731 -0.0170673169  0.0658280551
  5.85980701 -0.0273462515  0.0628482178
  5.89048624 -0.0370853245  0.0582238883
  5.92116594 -0.0460168347  0.0520567596
  5.95184565 -0.0538928024  0.0444926508
  5.98252535 -0.0604924336  0.0357174799
  6.01320505 -0.0656285733  0.0259521119
  6.04388428 -0.0691531301  0.0154461497
  6.07456398 -0.070961453  0.00447083311
  6.10524368 -0.0709953159 -0.00668859715
  6.13592339 -0.0692445338 -0.0177409761
  6.16660309 -0.0657472163 -0.0283973329
  6.19728279 -0.0605886132 -0.0383790284
  6.22796202 -0.0538985766 -0.0474253856
  6.25864172 -0.0458478145 -0.0553008579
  6.28932142 -0.0366430394 -0.0618012846
  6.32000113 -0.0265210774 -0.0667593703
  6.35068083 -0.0157423113 -0.0700489283
  6.38136005 -0.00458352827 -0.0715879947
  6.41203976  0.0066698119 -0.0713407025
  6.44271946  0.0177309457 -0.0693177804
  6.47339916  0.0283195898 -0.0655759275
  6.50407887  0.0381692089 -0.0602158569
  6.53475857  0.0470337979 -0.0533792637
  6.56543779  0.0546941124 -0.0452446751
  6.5961175  0.0609629974 -0.036022529
  6.6267972  0.0656898618 -0.0259493943
  6.6574769  0.0687641129 -0.015281721
  6.6881566  0.0701175258 -0.00428906223
  6.71883631  0.0697254911  0.00675280206
  6.74951553  0.0676071569  0.0175688472
  6.78019524  0.063824527  0.0278916042
  6.81087494  0.0584804304  0.0374677554
  6.84155464  0.051715605  0.0460641868
  6.87223434  0.0437049046  0.0534734726
  6.90291357  0.0346526057  0.0595188327
  6.93359327  0.0247873496  0.0640579462
  6.96427298  0.0143563198  0.0669862479
  6.99495268  0.00361913489  0.068239145
  7.02563238 -0.00715842517  0.0677932426
  7.05631208 -0.0177109018  0.0656667128
  7.08699131 -0.02777946  0.0619185418
  7.11767101 -0.037118081  0.0566470027
  7.14835072 -0.0454993397  0.0499871336
  7.17903042 -0.0527198389  0.0421073399
  7.20971012 -0.0586049855  0.0332053304
  7.24038935 -0.0630131066  0.0235033389
  7.27106905 -0.065838851  0.013242783
  7.30174875 -0.0670157  0.00267842202
  7.33242846 -0.0665175915 -0.00792773906
  7.36310816 -0.06435965 -0.0183127336
  7.39378786 -0.0605978109 -0.0282191914
  7.42446709 -0.0553276762 -0.0374013558
  7.45514679 -0.0486822277 -0.0456313305
  7.48582649 -0.0408287421 -0.0527046807
  7.5165062 -0.0319647789 -0.0584455989
  7.5471859 -0.0223134067 -0.0627114326
  7.57786512 -0.0121177658 -0.065396376
  7.60854483 -0.00163501885 -0.0664343461
  7.63922453  0.00887001492 -0.0658008605
  7.66990423  0.0191316437 -0.0635139123
  7.70058393  0.0288900528 -0.059633676
  7.73126364  0.0378980637 -0.0542612523
  7.76194286  0.0459275916 -0.047536239
  7.79262257  0.052775722 -0.039633248
  7.82330227  0.058270175 -0.0307575371
  7.85398197  0.0622739606 -0.0211397093
  7.88466167  0.0646892339 -0.011029562
  7.91534138  0.0654599518 -0.000689662236
  7.9460206  0.0645736307  0.00961180869
  7.97670031  0.0620616935  0.0196083039
  8.00737953  0.0579987578  0.0290421285
  8.03805923  0.0525006317  0.0376715772
  8.06873894  0.0457210615  0.0452775545
  8.09941864  0.0378475599  0.051669661
  8.13009834  0.0290960725  0.0566914342
  8.16077805  0.0197048802  0.060224697
  8.19145775  0.00992779899  0.0621927083
  8.22213745  2.69564971E-05  0.0625621974
  8.25281715 -0.00973468833  0.0613440946
  8.28349686 -0.0191009063  0.0585928634
  8.31417656 -0.0278294776  0.0544047058
  8.34485531 -0.0356990434  0.0489144102
  8.37553501 -0.0425153971  0.0422909297
  8.40621471 -0.0481166914  0.034732312
  8.43689442 -0.0523778833  0.0264594145
  8.46757412 -0.0552138686  0.0177091192
  8.49825382 -0.0565814115  0.00872717332
  8.52893353 -0.0564797334 -0.000239325498
  8.55961323 -0.0549497902 -0.00894922949
  8.59029293 -0.0520722605 -0.0171744786
  8.62097263 -0.0479643233 -0.0247066226
  8.65165234 -0.0427753069 -0.0313627496
  8.68233204 -0.0366814323 -0.0369903669
  8.71301079 -0.029879773 -0.0414713137
  8.74369049 -0.0225817244 -0.0447244458
  8.77437019 -0.0150278509 -0.0467749387
  8.8050499 -0.0073894863 -0.0475277714
  8.8357296  0.000107942906 -0.0470604934
  8.8664093  0.00727548217 -0.045446381
  8.897089  0.0139473788 -0.0427887291
  8.92776871  0.0199866053 -0.0392141938
  8.95844841  0.0252884421 -0.0348650962
  8.98912811  0.0297819916 -0.0298909117
  9.01980782  0.0334293172 -0.0244395435
  9.05048656  0.0362222046 -0.0186491888
  9.08116627  0.038176924 -0.0126415072
  9.11184597  0.0393272489 -0.00651645241
  9.14252567  0.0397166535 -0.000349174108
  9.17320538  0.0393900499  0.00581098581
  9.20388508  0.0383857042  0.0119396932
  9.23456478  0.0367275439  0.0180353429
  9.26524448  0.0344177708  0.0241156947
  9.29592419  0.0314297192  0.0302137136
  9.32660389  0.0277004354  0.0363727733
  9.35728359  0.0231218096  0.0426409356
  9.38796234  0.017530743  0.0490644723
  9.41864204  0.0106953997  0.0556784868
  9.44932175  0.0022983104  0.0624958798
  9.48000145 -0.00808678474  0.069488436
  9.51068115 -0.0210247468  0.0765613988
  9.54136086 -0.0372580811  0.083514221
  9.57204056 -0.0577572882  0.0899813846
  9.60272026 -0.0837844908  0.0953436643
  9.63339996 -0.116972759  0.0985953733
  9.66407967 -0.159420237  0.0981458426
