# Run:  mapbbr_054_     Fri Nov 10 04:46:28 2017                                  
# slot 5 #1  anneal MAPbBr3   annealed T=275 K;  Pb edge sample at 60 deg.  trans;
# Gains 2e7 5e7 2e7  slits 0.4X6  detune 40% (to 60% max) at edge                 
# 4-1 phi=0                                                                       
#                                                                                 
#                                                                                 
# TABLEVERT: 20.536508	TABLEHORZ: 12.526984	DETHOR: 225.000000	VERTGAP1: 0.400000	
# Region: Pb-L10.rgn      Detector: trans.det                                     
# SSRL BEAMLINE                                                                   
#                                                                                 
#  De-glitched:   2 glitch(es) removed.                                           
#       Point        Num        Order(2n-1)                                       
#    13242.5879       1            2                                              
#    13253.5576       1            2                                              
# TRANSMISSION; P= -1.00 REMOVED FROM     0. TO 12970. EV, ORDER=  4              
# Used mucal formula with Pb LIII                                                 
# Normalized by edge height:  0.4592                                              
# SPL:E0=13040.15; 5 FIX KNOTS FROM 13072.78-13444.23(K=10.3);P=0.75              
#   SPL KNOTS(28 max):  13.65  32.65  51.65  70.66  89.66                         
#  *** Average of   3 Files; MULT. Factor=  1.0000  1.0000  1.0000                
#  Files: bud_mapbr/ks/054b1g       bud_mapbr/ks/054b2g       bud_mapbr/ks/054b3g 
#                                                                                 
# k-SPACE-WINDOW ENDPTS=  4.00,  9.70;SIG= 0.200;SHIFT=  0.00eV;POWER OF k=  1    
# r-SPACE ENDPTS=  1.20,  4.00;SIG= 0.100;R-SHIFT= 0.000; WINDOW REMOVED=YES      
# ----------------------------------------------------
  3.98835015  0.0285079852 -0.00174326776
  4.01902962  0.0243723504 -0.00574951852
  4.04970932  0.0223239455 -0.00704963505
  4.08038902  0.0212179739 -0.00670733815
  4.11106873  0.0204698034 -0.00541879097
  4.14174843  0.0197941475 -0.0036271573
  4.17242765  0.0190617088 -0.00160655461
  4.20310736  0.0182211678  0.000479172013
  4.23378706  0.0172572564  0.00253632618
  4.26446676  0.0161691476  0.00451442739
  4.29514647  0.0149593838  0.00638836296
  4.32582617  0.013628887  0.00814657845
  4.35650539  0.0121752508  0.0097833192
  4.3871851  0.0105925873  0.0112934122
  4.4178648  0.00887252856  0.0126688816
  4.4485445  0.00700573158  0.0138968006
  4.47922421  0.00498370873  0.0149577502
  4.50990343  0.00280112564  0.0158253666
  4.54058313  0.000458179042  0.0164664611
  4.57126284 -0.00203691795  0.0168418996
  4.60194254 -0.00466561876  0.0169084556
  4.63262224 -0.00739710405  0.0166212972
  4.66330194 -0.0101870289  0.0159373116
  4.69398117 -0.0129771782  0.0148189059
  4.72466087 -0.0156962983  0.0132380612
  4.75534058 -0.0182620659  0.0111801745
  4.78602028 -0.0205842331  0.00864741113
  4.81669998 -0.0225686189  0.00566111412
  4.84737921 -0.0241217557  0.00226312364
  4.87805891 -0.0251557045 -0.0014841489
  4.90873861 -0.0255927369 -0.00549880276
  4.93941832 -0.0253697578 -0.00968173146
  4.97009802 -0.0244250298 -0.0139100393
  5.00077772 -0.0227759648 -0.0180814154
  5.03145695 -0.0203942023 -0.0220539439
  5.06213665 -0.0173046254 -0.0256957989
  5.09281635 -0.0135563156 -0.028878564
  5.12349606 -0.00922203064 -0.0314817354
  5.15417576 -0.00439679762 -0.0333971605
  5.18485498  0.000804326206 -0.0345331654
  5.21553469  0.00624928111 -0.0348183066
  5.24621439  0.0117927101 -0.0342044979
  5.27689409  0.0172802564 -0.0326694399
  5.3075738  0.0225532614 -0.0302182268
  5.3382535  0.0274538118 -0.0268841013
  5.36893272  0.0318298228 -0.0227282327
  5.39961243  0.0355400592 -0.0178385824
  5.43029213  0.0384590439 -0.0123277605
  5.46097183  0.0404812507 -0.0063301702
  5.49165154  0.0415250175  1.77538323E-06
  5.52233124  0.041535601  0.00650202949
  5.55301046  0.0404873937  0.0129958056
  5.58369017  0.0383852795  0.0193048697
  5.61436987  0.0352649577  0.0252529625
  5.64504957  0.0311922971  0.0306712668
  5.67572927  0.0262617432  0.0354036354
  5.7064085  0.0205937307  0.039311517
  5.7370882  0.0143313166  0.0422783233
  5.76776791  0.0076360316  0.044213105
  5.79844761  0.000683171966  0.0450534597
  5.82912731 -0.00634339638  0.0447675437
  5.85980701 -0.0132566597  0.0433551148
  5.89048624 -0.0198719725  0.0408476107
  5.92116594 -0.0260125883  0.0373072289
  5.95184565 -0.031514708  0.0328250565
  5.98252535 -0.0362323076  0.0275183506
  6.01320505 -0.0400413275  0.0215270221
  6.04388428 -0.0428430848  0.0150094731
  6.07456398 -0.0445670001  0.00813788455
  6.10524368 -0.0451723561  0.00109319296
  6.13592339 -0.0446491912 -0.00594017096
  6.16660309 -0.0430182405 -0.0127795245
  6.19728279 -0.040329989 -0.0192491058
  6.22796202 -0.0366628431 -0.025184894
  6.25864172 -0.0321205594 -0.0304390248
  6.28932142 -0.0268289391 -0.034883637
  6.32000113 -0.020931989 -0.0384140722
  6.35068083 -0.0145876473 -0.0409513265
  6.38136005 -0.00796323083 -0.042443715
  6.41203976 -0.00123059889 -0.042867735
  6.44271946  0.00543840183 -0.0422280729
  6.47339916  0.0118766436 -0.0405568853
  6.50407887  0.017926028 -0.0379123092
  6.53475857  0.0234414246 -0.0343763046
  6.56543779  0.0282941759 -0.0300519243
  6.5961175  0.0323749967 -0.0250601098
  6.6267972  0.0355963148 -0.0195360985
  6.6574769  0.0378939137 -0.0136256181
  6.6881566  0.0392279439 -0.00748087
  6.71883631  0.0395832397 -0.00125655124
  6.74951553  0.0389690399  0.00489407731
  6.78019524  0.0374180488  0.0108229173
  6.81087494  0.0349850021  0.0163905378
  6.84155464  0.0317446962  0.021469295
  6.87223434  0.0277896803  0.0259460509
  6.90291357  0.0232274439  0.029724529
  6.93359327  0.0181776173  0.0327270105
  6.96427298  0.0127687622  0.0348957293
  6.99495268  0.00713516725  0.0361936502
  7.02563238  0.00141364802  0.0366047621
  7.05631208 -0.00425966457  0.0361339413
  7.08699131 -0.00975235458  0.0348063111
  7.11767101 -0.0149386087  0.0326662213
  7.14835072 -0.0197018515  0.0297758095
  7.17903042 -0.0239371508  0.0262132697
  7.20971012 -0.0275532678  0.0220708139
  7.24038935 -0.0304744113  0.0174523741
  7.27106905 -0.0326416232  0.0124711776
  7.30174875 -0.0340137854  0.00724708755
  7.33242846 -0.0345682614  0.00190394302
  7.36310816 -0.0343011841 -0.00343317119
  7.39378786 -0.0332272537 -0.00864073541
  7.42446709 -0.0313793048 -0.0135993389
  7.45514679 -0.0288074184 -0.0181963407
  7.48582649 -0.0255776849 -0.0223282613
  7.5165062 -0.0217707008 -0.0259030052
  7.5471859 -0.0174796768 -0.0288418531
  7.57786512 -0.0128083481 -0.031081181
  7.60854483 -0.00786861312 -0.0325738378
  7.63922453 -0.00277802092 -0.0332901999
  7.66990423  0.00234295521 -0.0332188495
  7.70058393  0.00737365521 -0.0323668234
  7.73126364  0.0121960435 -0.030759491
  7.76194286  0.0166974682 -0.0284399725
  7.79262257  0.0207733512 -0.0254681539
  7.82330227  0.0243296977 -0.0219192859
  7.85398197  0.0272853617 -0.0178822279
  7.88466167  0.0295740943 -0.0134572433
  7.91534138  0.0311461389 -0.00875365455
  7.9460206  0.0319695584 -0.00388708385
  7.97670031  0.0320309959  0.00102342246
  8.00737953  0.0313360766  0.00585837662
  8.03805923  0.0299092419  0.0105009228
  8.06873894  0.0277931299  0.0148398215
  8.09941864  0.0250474289  0.0187723301
  8.13009834  0.021747319  0.0222068615
  8.16077805  0.0179814138  0.0250653792
  8.19145775  0.0138493758  0.0272853971
  8.22213745  0.00945919286  0.0288215987
  8.25281715  0.00492424797  0.0296469294
  8.28349686  0.000360161939  0.0297532063
  8.31417656 -0.00411834475  0.0291511957
  8.34485531 -0.00840059761  0.0278701466
  8.37553501 -0.0123830279  0.0259567015
  8.40621471 -0.0159718934  0.0234735068
  8.43689442 -0.0190858115  0.02049716
  8.46757412 -0.0216578711  0.0171158537
  8.49825382 -0.0236372519  0.0134267174
  8.52893353 -0.0249904338  0.00953284465
  8.55961323 -0.025701765  0.00554025779
  8.59029293 -0.0257735718  0.00155476516
  8.62097263 -0.0252256654 -0.00232106773
  8.65165234 -0.0240943413 -0.00599086611
  8.68233204 -0.0224308837 -0.0093670832
  8.71301079 -0.020299647 -0.012373345
  8.74369049 -0.0177757554 -0.0149463769
  8.77437019 -0.0149642294 -0.01706223
  8.8050499 -0.0119169205 -0.0186576936
  8.8357296 -0.00873868447 -0.0197320059
  8.8664093 -0.00551692676 -0.0202878062
  8.897089 -0.00233384268 -0.0203431938
  8.92776871  0.00073672377 -0.0199298467
  8.95844841  0.00363183534 -0.0190904681
  8.98912811  0.00630130339 -0.0178756118
  9.01980782  0.00870865677 -0.0163400583
  9.05048656  0.0108310748 -0.0145391235
  9.08116627  0.0126583809 -0.0125251552
  9.11184597  0.0141911097 -0.0103444261
  9.14252567  0.0154379662 -0.00803473126
  9.17320538  0.0164128579 -0.00562373502
  9.20388508  0.0171317514 -0.0031280187
  9.23456478  0.0176095292 -0.000552771671
  9.26524448  0.0178569406  0.00210812245
  9.29592419  0.0178775843  0.00487168599
  9.32660389  0.0176648758  0.00776538672
  9.35728359  0.0171985552  0.0108266659
  9.38796234  0.0164409466  0.0141025772
  9.41864204  0.0153316744  0.0176493134
  9.44932175  0.0137815122  0.0215320662
  9.48000145  0.0116632227  0.0258238427
  9.51068115  0.0088000251  0.0306041036
  9.54136086  0.00494974339  0.0359557196
  9.57204056 -0.000216437271  0.0419596173
  9.60272026 -0.00714209769  0.0486857407
  9.63339996 -0.0164227448  0.0561785698
  9.66407967 -0.028853802  0.0644348413
